1	376.65264890000003	1.0	100.0	100.0
2	828.1406756	1.0	100.0	100.0
3	359.1004089	1.0	100.0	100.0
4	187.5244622	1.0	100.0	100.0
5	761.6269156	1.0	100.0	100.0
6	194.02803559999998	1.0	100.0	100.0
7	507.19699560000004	1.0	100.0	100.0
8	509.60626670000005	1.0	100.0	100.0
9	1177.256622	1.0	100.0	100.0
10	715.9984711	1.0	100.0	100.0
11	187.1179911	1.0	100.0	100.0
12	366.38736	1.0	100.0	100.0
13	1144.354489	1.0	100.0	100.0
14	4992.885067	1.0	100.0	100.0
15	1852.393476	1.0	100.0	100.0
16	321.28363559999997	1.0	100.0	100.0
17	40.81728	1.0	100.0	100.0
18	12036.271159999998	1.0	100.0	100.0
19	5455.665644	1.0	100.0	100.0
20	757.1335378000001	1.0	100.0	100.0
21	712.7392978	1.0	100.0	100.0
22	1058.270898	1.0	100.0	100.0
23	504.8985689	1.0	100.0	100.0
24	379.3575467	1.0	100.0	100.0
25	3398.557591	1.0	100.0	100.0
26	181.4347644	1.0	100.0	100.0
27	362.09352889999997	1.0	100.0	100.0
28	404.2041244	1.0	100.0	100.0
29	381.9811378	1.0	100.0	100.0
30	355.98904	1.0	100.0	100.0
31	1100.329769	1.0	100.0	100.0
32	336.8478578	1.0	100.0	100.0
33	509.1111111	1.0	100.0	100.0
34	277.5840978	1.0	100.0	100.0
35	7976.197244	1.0	100.0	100.0
36	1261.012231	1.0	100.0	100.0
37	70.53415111	1.0	100.0	100.0
38	907.1368533	1.0	100.0	100.0
39	2510.22936	1.0	100.0	100.0
40	9.230631110000001	1.0	100.0	100.0
41	19.98368889	1.0	100.0	100.0
42	31.63098667	1.0	100.0	100.0
43	129.56880890000002	1.0	100.0	100.0
44	93.34097778	1.0	100.0	100.0
45	32.80606222	1.0	100.0	100.0
46	14.152648889999998	1.0	100.0	100.0
47	18.85296	1.0	100.0	100.0
48	26.864168890000002	1.0	100.0	100.0
49	9.149333330000001	1.0	100.0	100.0
50	21.506115559999998	1.0	100.0	100.0
51	54.29740444	1.0	100.0	100.0
52	36.86340444	1.0	100.0	100.0
53	65.63430222	1.0	100.0	100.0
54	79.74261333	1.0	100.0	100.0
55	32.22222222	1.0	100.0	100.0
56	90.13353778000001	1.0	100.0	100.0
57	167.5777244	1.0	100.0	100.0
58	61.702595560000006	1.0	100.0	100.0
59	345.32466669999997	1.0	100.0	100.0
60	185.0708444	1.0	100.0	100.0
61	331.5045867	1.0	100.0	100.0
62	25143.73904	1.0	100.0	100.0
63	490.05861330000005	1.0	100.0	100.0
64	573.4890399999999	1.0	100.0	100.0
65	560.2306311	1.0	100.0	100.0
66	15311.7709	1.0	100.0	100.0
67	62.98853333	1.0	100.0	100.0
68	8.92023111	1.0	100.0	100.0
69	43.130480000000006	1.0	100.0	100.0
70	90.14092443999999	1.0	100.0	100.0
71	10.48700444	1.0	100.0	100.0
72	55.12512889	1.0	100.0	100.0
73	15.36467556	1.0	100.0	100.0
74	49.35320889	1.0	100.0	100.0
75	46.07925333	1.0	100.0	100.0
76	42.74617778	1.0	100.0	100.0
77	62.10168	1.0	100.0	100.0
78	32.60652444	1.0	100.0	100.0
79	176.8231378	1.0	100.0	100.0
80	35.04536	1.0	100.0	100.0
81	2787.584356	1.0	100.0	100.0
82	684.7443911	1.0	100.0	100.0
83	2826.871813	1.0	100.0	100.0
84	182.6763467	1.0	100.0	100.0
85	354.0970933	1.0	100.0	100.0
86	175.0568267	1.0	100.0	100.0
87	110.4128444	1.0	100.0	100.0
88	68.12487111	1.0	100.0	100.0
89	50.81651556	1.0	100.0	100.0
90	159.1230844	1.0	100.0	100.0
91	48.89500444	1.0	100.0	100.0
92	8.66157333	1.0	100.0	100.0
93	52.12461333	1.0	100.0	100.0
94	20.02064	1.0	100.0	100.0
95	56.13022221999999	1.0	100.0	100.0
96	220.78873779999998	1.0	100.0	100.0
97	27.49974222	1.0	100.0	100.0
98	16.56931556	1.0	100.0	100.0
99	113.65723559999999	1.0	100.0	100.0
100	357.7110133	1.0	100.0	100.0
101	182.9645778	1.0	100.0	100.0
102	1916.364933	1.0	100.0	100.0
103	107.2645244	1.0	100.0	100.0
104	1199.287458	1.0	100.0	100.0
105	890.17584	1.0	100.0	100.0
106	29.886853329999997	1.0	100.0	100.0
107	23.013759999999998	1.0	100.0	100.0
108	43.9656	1.0	100.0	100.0
109	117.7441422	1.0	100.0	100.0
110	104.04230220000001	1.0	100.0	100.0
111	20.60448889	1.0	100.0	100.0
112	34.439351110000004	1.0	100.0	100.0
113	32.259173329999996	1.0	100.0	100.0
114	36.205653330000004	1.0	100.0	100.0
115	84.56116444	1.0	100.0	100.0
116	72.85473778	1.0	100.0	100.0
117	21.055297780000004	1.0	100.0	100.0
118	64.54791111	1.0	100.0	100.0
119	32.08919111	1.0	100.0	100.0
120	19.47375111	1.0	100.0	100.0
121	775.9347644000001	1.0	100.0	100.0
122	15845.85423	1.0	100.0	100.0
123	9473.7472	1.0	100.0	100.0
124	164.02293329999998	1.0	100.0	100.0
125	223.1093244	1.0	100.0	100.0
126	231.23879110000001	1.0	100.0	100.0
127	161.4658489	1.0	100.0	100.0
128	853.2754844	1.0	100.0	100.0
